0.0	33
0.0	9
0.0	16
0.342857143	21
0.685714286	24
1.028571429	28
1.371428571	33
1.371428571	7
1.714285714	31
1.714285714	35
2.057142857	33
2.057142857	36
2.057142857	5
4.114285714	31
4.114285714	7
4.114285714	14
4.457142857	19
4.8	23
5.142857143	26
5.485714286	31
5.485714286	5
5.828571429	29
5.828571429	33
6.171428571	31
6.171428571	35
6.171428571	4
8.228571429	28
8.228571429	5
8.571428571	12
8.914285714	28
8.914285714	19
9.257142857	17
9.6	28
9.6	21
9.942857143	23
10.28571429	28
10.28571429	17
10.28571429	21
10.28571429	24
10.97142857	26
12.0	31
12.34285714	23
12.34285714	4
12.68571429	11
13.02857143	16
13.37142857	18
13.71428571	19
14.05714286	23
14.4	28
16.45714286	33
16.45714286	2
16.8	9
17.14285714	33
17.14285714	16
17.48571429	14
17.82857143	33
17.82857143	17
18.17142857	19
18.51428571	33
18.51428571	14
18.51428571	17
18.51428571	21
19.2	31
20.22857143	36
20.57142857	29
20.57142857	10
20.91428571	5
21.25714286	10
21.6	12
21.94285714	14
22.28571429	17
22.62857143	22
22.97142857	17
23.31428571	22
23.65714286	24
24.0	26
24.34285714	29
24.68571429	12
24.68571429	21
24.68571429	9
25.02857143	4
25.37142857	9
25.71428571	11
25.71428571	16
25.71428571	11
26.05714286	12
26.05714286	21
26.05714286	12
26.4	14
26.4	23
26.4	14
26.74285714	16
26.74285714	24
26.74285714	5
27.08571429	12
27.42857143	23
27.77142857	11
28.11428571	21
28.11428571	9
28.45714286	5
28.8	11
28.8	19
28.8	7
29.14285714	2
29.48571429	7
29.82857143	12
29.82857143	21
29.82857143	9
30.17142857	11
30.17142857	17
30.17142857	19
30.17142857	14
30.51428571	5
30.85714286	12
30.85714286	16
30.85714286	0
31.2	7
31.54285714	0
31.88571429	2
32.22857143	4
32.57142857	7
32.91428571	12
32.91428571	21
32.91428571	9
33.25714286	4
33.6	9
33.94285714	11
33.94285714	16
33.94285714	11
34.28571429	12
34.28571429	21
34.28571429	12
34.62857143	14
34.62857143	23
34.62857143	14
34.97142857	16
34.97142857	24
34.97142857	5
35.31428571	12
35.65714286	23
36.0	11
36.34285714	24
36.34285714	9
36.68571429	5
37.02857143	14
37.02857143	26
37.02857143	7
37.37142857	2
37.71428571	7
38.05714286	12
38.05714286	24
38.05714286	9
38.4	14
38.4	23
38.4	26
38.4	11
38.74285714	5
39.08571429	16
39.08571429	24
39.08571429	28
39.08571429	0
39.42857143	7
39.77142857	0
40.11428571	2
40.45714286	4
40.8	7
41.14285714	12
41.14285714	21
41.14285714	9
41.48571429	4
41.82857143	9
42.17142857	11
42.17142857	16
42.17142857	11
42.51428571	12
42.51428571	21
42.51428571	12
42.85714286	14
42.85714286	23
42.85714286	14
43.2	16
43.2	24
43.2	5
43.54285714	12
43.88571429	23
44.22857143	11
44.57142857	21
44.57142857	9
44.91428571	5
45.25714286	11
45.25714286	19
45.25714286	7
45.6	2
45.94285714	7
46.28571429	12
46.28571429	21
46.28571429	9
46.62857143	11
46.62857143	17
46.62857143	19
46.62857143	14
46.97142857	5
47.31428571	12
47.31428571	16
47.31428571	0
47.65714286	7
48.0	0
48.34285714	2
48.68571429	12
48.68571429	4
49.02857143	14
49.02857143	7
49.37142857	9
49.37142857	16
49.37142857	5
49.71428571	0
50.05714286	9
50.05714286	16
50.05714286	5
50.4	0
50.74285714	9
50.74285714	16
50.74285714	4
51.08571429	0
51.42857143	11
51.42857143	16
51.42857143	7
52.11428571	14
52.8	19
53.48571429	12
53.48571429	2
53.82857143	9
54.17142857	2
54.51428571	12
54.85714286	11
54.85714286	11
54.85714286	4
55.2	7
55.54285714	9
55.54285714	5
55.88571429	0
56.22857143	5
56.57142857	9
56.91428571	12
57.25714286	17
57.6	21
57.94285714	9
58.28571429	12
58.62857143	17
58.97142857	21
59.31428571	24
59.65714286	26
59.65714286	2
60.0	9
60.34285714	14
60.68571429	16
61.02857143	33
61.02857143	17
61.37142857	21
61.71428571	24
61.71428571	26
61.71428571	33
61.71428571	10
62.05714286	5
62.4	31
62.4	10
62.74285714	12
63.08571429	22
63.08571429	29
63.08571429	14
63.42857143	17
63.77142857	24
63.77142857	28
63.77142857	0
64.11428571	7
64.45714286	12
64.8	14
65.14285714	36
65.14285714	16
65.48571429	19
65.65714286	24
65.74285714	28
65.82857143	36
65.82857143	9
66.17142857	4
66.51428571	9
66.85714286	11
67.2	12
67.54285714	16
67.88571429	28
67.88571429	4
68.22857143	11
68.57142857	16
68.91428571	18
69.25714286	35
69.25714286	19
69.6	21
69.77142857	26
69.85714286	30
69.94285714	35
69.94285714	11
72.0	26
72.0	2
72.34285714	9
72.68571429	14
73.02857143	16
73.37142857	33
73.37142857	17
73.71428571	14
73.88571429	23
73.97142857	28
74.05714286	33
74.05714286	4
74.74285714	32
75.42857143	4
75.77142857	2
76.11428571	11
76.11428571	16
76.11428571	4
76.45714286	11
76.8	4
77.14285714	6
77.48571429	11
77.48571429	16
77.48571429	19
77.48571429	23
77.48571429	7
77.82857143	11
78.17142857	14
78.17142857	23
78.17142857	0
78.51428571	7
78.85714286	12
78.85714286	21
78.85714286	0
79.2	2
79.54285714	11
79.54285714	19
79.54285714	4
79.88571429	7
80.22857143	14
80.22857143	18
80.22857143	2
80.57142857	9
80.91428571	2
81.25714286	4
81.6	14
81.6	18
81.6	23
81.6	26
81.6	6
81.94285714	9
82.28571429	14
82.28571429	18
82.28571429	23
82.28571429	26
82.28571429	11
82.62857143	6
82.97142857	11
83.31428571	1
83.65714286	2
84.0	4
84.34285714	13
84.34285714	18
84.34285714	25
84.34285714	6
84.34285714	1
85.02857143	21
85.71428571	18
86.4	12
86.4	16
86.4	0
87.77142857	23
87.77142857	0
87.77142857	4
88.45714286	14
88.45714286	11
88.45714286	2
89.48571429	11
89.82857143	14
89.82857143	2
89.82857143	9
90.51428571	11
90.51428571	16
90.51428571	4
90.85714286	4
91.2	8
91.54285714	11
91.88571429	16
92.22857143	20
92.57142857	23
93.25 -1